(footprint "RQM0029A"
	(version 20240108)
	(generator "pcbnew")
	(generator_version "8.0")
	(layer "F.Cu")
	(property "Reference" "REF**"
		(at 0 -2.75 0)
		(unlocked yes)
		(layer "F.SilkS")
		(uuid "8df5285d-1d82-4c69-989e-aea308f28aa6")
		(effects
			(font
				(size 0.5 0.5)
				(thickness 0.053)
			)
		)
	)
	(property "Value" "RQM0029A"
		(at 0 0 0)
		(unlocked yes)
		(layer "User.1")
		(hide yes)
		(uuid "db4cce70-a00c-4ca6-9368-cf30ec37b4a3")
		(effects
			(font
				(size 0.5 0.5)
				(thickness 0.05)
			)
		)
	)
	(property "Footprint" ""
		(at 0 0 0)
		(unlocked yes)
		(layer "F.Fab")
		(hide yes)
		(uuid "41f9916a-7d1a-447b-b607-c821ef3ef3a2")
		(effects
			(font
				(size 1 1)
				(thickness 0.15)
			)
		)
	)
	(property "Datasheet" ""
		(at 0 0 0)
		(unlocked yes)
		(layer "F.Fab")
		(hide yes)
		(uuid "08f117c3-2554-4384-9eb7-ac9ed2c95f5e")
		(effects
			(font
				(size 1 1)
				(thickness 0.15)
			)
		)
	)
	(property "Description" ""
		(at 0 0 0)
		(unlocked yes)
		(layer "F.Fab")
		(hide yes)
		(uuid "12766bb7-aeb3-4a21-b90e-93a6d4bd9366")
		(effects
			(font
				(size 1 1)
				(thickness 0.15)
			)
		)
	)
	(attr smd)
	(fp_poly
		(pts
			(xy -2.25 -1.85) (xy -2.5 -1.6) (xy -2.5 -2.1)
		)
		(stroke
			(width 0.1)
			(type solid)
		)
		(fill solid)
		(layer "F.SilkS")
		(uuid "1105e4c2-be50-4232-8739-4ab9de67d5ca")
	)
	(fp_rect
		(start -2 -2)
		(end 2 2)
		(stroke
			(width 0.025)
			(type default)
		)
		(fill none)
		(layer "Dwgs.User")
		(uuid "5d99a620-c3fc-4ecc-887f-7d5ded087030")
	)
	(fp_line
		(start -0.35 0)
		(end 0.35 0)
		(stroke
			(width 0.05)
			(type solid)
		)
		(layer "F.Fab")
		(uuid "16db81bd-e539-4910-859a-44d4e240feee")
	)
	(fp_line
		(start 0 -0.35)
		(end 0 0.35)
		(stroke
			(width 0.05)
			(type solid)
		)
		(layer "F.Fab")
		(uuid "b0dfb5c5-4056-4973-8f6e-6c7cca11d05a")
	)
	(fp_rect
		(start -2.05 -2.05)
		(end 2.05 2.05)
		(stroke
			(width 0.12)
			(type default)
		)
		(fill none)
		(layer "F.Fab")
		(uuid "382d0acc-80d7-458d-a62f-27daa912f60e")
	)
	(fp_circle
		(center 0 0)
		(end 0.25 0)
		(stroke
			(width 0.05)
			(type solid)
		)
		(fill none)
		(layer "F.Fab")
		(uuid "7781e675-4d39-463a-820e-8c1c7ebdc349")
	)
	(fp_text user "${REFERENCE}"
		(at 0 0 0)
		(unlocked yes)
		(layer "User.1")
		(hide yes)
		(uuid "2d9c8853-8dc2-4872-a192-0bddf04a6b56")
		(effects
			(font
				(size 0.5 0.5)
				(thickness 0.05)
			)
		)
	)
	(pad "1" smd custom
		(at -1.75 -1.6)
		(size 0.2 0.2)
		(layers "F.Cu" "F.Paste" "F.Mask")
		(thermal_bridge_angle 90)
		(options
			(clearance outline)
			(anchor circle)
		)
		(primitives
			(gr_poly
				(pts
					(xy -0.45 0.05) (xy -0.446194 0.069134) (xy -0.435355 0.085355) (xy -0.419134 0.096194) (xy -0.4 0.1)
					(xy 0.4 0.1) (xy 0.419134 0.096194) (xy 0.435355 0.085355) (xy 0.446194 0.069134) (xy 0.45 0.05)
					(xy 0.45 -0.05) (xy 0.446194 -0.069134) (xy 0.435355 -0.085355) (xy 0.419134 -0.096194) (xy 0.4 -0.1)
					(xy -0.4 -0.1) (xy -0.419134 -0.096194) (xy -0.435355 -0.085355) (xy -0.446194 -0.069134) (xy -0.45 -0.05)
				)
				(width 0)
				(fill yes)
			)
			(gr_poly
				(pts
					(xy 0.3 -0.6) (xy 0.280866 -0.596194) (xy 0.264645 -0.585355) (xy 0.253806 -0.569134) (xy 0.25 -0.55)
					(xy 0.25 -0.05) (xy 0.253806 -0.030866) (xy 0.264645 -0.014645) (xy 0.280866 -0.003806) (xy 0.3 0)
					(xy 0.4 0) (xy 0.419134 -0.003806) (xy 0.435355 -0.014645) (xy 0.446194 -0.030866) (xy 0.45 -0.05)
					(xy 0.45 -0.55) (xy 0.446194 -0.569134) (xy 0.435355 -0.585355) (xy 0.419134 -0.596194) (xy 0.4 -0.6)
				)
				(width 0)
				(fill yes)
			)
		)
		(uuid "ffb74f92-6890-4002-b4ab-c5ad83924015")
	)
	(pad "2" smd roundrect
		(at -1.9 -1.2)
		(size 0.6 0.2)
		(layers "F.Cu" "F.Paste" "F.Mask")
		(roundrect_rratio 0.25)
		(uuid "99d988b3-0554-40a1-a110-0658a0cffed2")
	)
	(pad "3" smd roundrect
		(at -1.9 -0.8)
		(size 0.6 0.2)
		(layers "F.Cu" "F.Paste" "F.Mask")
		(roundrect_rratio 0.25)
		(uuid "a76c41f2-0fb1-4917-a2da-4ba5893a8102")
	)
	(pad "4" smd roundrect
		(at -1.9 -0.4)
		(size 0.6 0.2)
		(layers "F.Cu" "F.Paste" "F.Mask")
		(roundrect_rratio 0.25)
		(uuid "957261af-4ea3-4d9d-976c-1cfc5a726e5a")
	)
	(pad "5" smd roundrect
		(at -1.9 0)
		(size 0.6 0.2)
		(layers "F.Cu" "F.Paste" "F.Mask")
		(roundrect_rratio 0.25)
		(uuid "14c67889-8c5f-4096-a5c7-3d53b1f40132")
	)
	(pad "6" smd roundrect
		(at -1.9 0.4)
		(size 0.6 0.2)
		(layers "F.Cu" "F.Paste" "F.Mask")
		(roundrect_rratio 0.25)
		(uuid "711638b3-53a6-4668-b858-ef43190303c5")
	)
	(pad "7" smd roundrect
		(at -1.9 0.8)
		(size 0.6 0.2)
		(layers "F.Cu" "F.Paste" "F.Mask")
		(roundrect_rratio 0.25)
		(uuid "0b6f0a72-7256-4388-9ca6-3252385df10c")
	)
	(pad "8" smd roundrect
		(at -1.9 1.2)
		(size 0.6 0.2)
		(layers "F.Cu" "F.Paste" "F.Mask")
		(roundrect_rratio 0.25)
		(uuid "fff9fd63-d909-48ea-817d-5be60756111f")
	)
	(pad "9" smd custom
		(at -1.75 1.6)
		(size 0.2 0.2)
		(layers "F.Cu" "F.Paste" "F.Mask")
		(thermal_bridge_angle 90)
		(options
			(clearance outline)
			(anchor circle)
		)
		(primitives
			(gr_poly
				(pts
					(xy -0.45 -0.05) (xy -0.446194 -0.069134) (xy -0.435355 -0.085355) (xy -0.419134 -0.096194) (xy -0.4 -0.1)
					(xy 0.4 -0.1) (xy 0.419134 -0.096194) (xy 0.435355 -0.085355) (xy 0.446194 -0.069134) (xy 0.45 -0.05)
					(xy 0.45 0.05) (xy 0.446194 0.069134) (xy 0.435355 0.085355) (xy 0.419134 0.096194) (xy 0.4 0.1)
					(xy -0.4 0.1) (xy -0.419134 0.096194) (xy -0.435355 0.085355) (xy -0.446194 0.069134) (xy -0.45 0.05)
				)
				(width 0)
				(fill yes)
			)
			(gr_poly
				(pts
					(xy 0.3 0.6) (xy 0.280866 0.596194) (xy 0.264645 0.585355) (xy 0.253806 0.569134) (xy 0.25 0.55)
					(xy 0.25 0.05) (xy 0.253806 0.030866) (xy 0.264645 0.014645) (xy 0.280866 0.003806) (xy 0.3 0)
					(xy 0.4 0) (xy 0.419134 0.003806) (xy 0.435355 0.014645) (xy 0.446194 0.030866) (xy 0.45 0.05)
					(xy 0.45 0.55) (xy 0.446194 0.569134) (xy 0.435355 0.585355) (xy 0.419134 0.596194) (xy 0.4 0.6)
				)
				(width 0)
				(fill yes)
			)
		)
		(uuid "b0343140-4f60-48af-9357-bdc7343799e4")
	)
	(pad "10" smd roundrect
		(at -1 1.9 90)
		(size 0.6 0.2)
		(layers "F.Cu" "F.Paste" "F.Mask")
		(roundrect_rratio 0.25)
		(uuid "d186f041-ceee-4b7b-9145-bab45f08c0e6")
	)
	(pad "11" smd roundrect
		(at -0.6 1.9 90)
		(size 0.6 0.2)
		(layers "F.Cu" "F.Paste" "F.Mask")
		(roundrect_rratio 0.25)
		(uuid "b9825fdb-19a9-4dc9-9756-8a8c51dfb664")
	)
	(pad "12" smd roundrect
		(at -0.2 1.9 90)
		(size 0.6 0.2)
		(layers "F.Cu" "F.Paste" "F.Mask")
		(roundrect_rratio 0.25)
		(uuid "63525565-26fc-4d0e-90d1-2fe4d5513f42")
	)
	(pad "13" smd roundrect
		(at 0.2 1.9 90)
		(size 0.6 0.2)
		(layers "F.Cu" "F.Paste" "F.Mask")
		(roundrect_rratio 0.25)
		(uuid "bdf19f9a-d78f-4eb0-9e65-0685afda6f17")
	)
	(pad "14" smd roundrect
		(at 0.6 1.9 90)
		(size 0.6 0.2)
		(layers "F.Cu" "F.Paste" "F.Mask")
		(roundrect_rratio 0.25)
		(uuid "bbfe5fe5-92a4-46f2-af2f-dfe6123ed964")
	)
	(pad "15" smd roundrect
		(at 1 1.9 90)
		(size 0.6 0.2)
		(layers "F.Cu" "F.Paste" "F.Mask")
		(roundrect_rratio 0.25)
		(uuid "3011d07f-fb8e-4d0f-853f-7b6478619ea5")
	)
	(pad "16" smd custom
		(at 1.75 1.6)
		(size 0.2 0.2)
		(layers "F.Cu" "F.Paste" "F.Mask")
		(thermal_bridge_angle 90)
		(options
			(clearance outline)
			(anchor circle)
		)
		(primitives
			(gr_poly
				(pts
					(xy 0.45 -0.05) (xy 0.446194 -0.069134) (xy 0.435355 -0.085355) (xy 0.419134 -0.096194) (xy 0.4 -0.1)
					(xy -0.4 -0.1) (xy -0.419134 -0.096194) (xy -0.435355 -0.085355) (xy -0.446194 -0.069134) (xy -0.45 -0.05)
					(xy -0.45 0.05) (xy -0.446194 0.069134) (xy -0.435355 0.085355) (xy -0.419134 0.096194) (xy -0.4 0.1)
					(xy 0.4 0.1) (xy 0.419134 0.096194) (xy 0.435355 0.085355) (xy 0.446194 0.069134) (xy 0.45 0.05)
				)
				(width 0)
				(fill yes)
			)
			(gr_poly
				(pts
					(xy -0.3 0.6) (xy -0.280866 0.596194) (xy -0.264645 0.585355) (xy -0.253806 0.569134) (xy -0.25 0.55)
					(xy -0.25 0.05) (xy -0.253806 0.030866) (xy -0.264645 0.014645) (xy -0.280866 0.003806) (xy -0.3 0)
					(xy -0.4 0) (xy -0.419134 0.003806) (xy -0.435355 0.014645) (xy -0.446194 0.030866) (xy -0.45 0.05)
					(xy -0.45 0.55) (xy -0.446194 0.569134) (xy -0.435355 0.585355) (xy -0.419134 0.596194) (xy -0.4 0.6)
				)
				(width 0)
				(fill yes)
			)
		)
		(uuid "7ec81453-47ae-4524-ba27-247597a8edd8")
	)
	(pad "17" smd roundrect
		(at 1.85 1.2 180)
		(size 0.7 0.2)
		(layers "F.Cu" "F.Paste" "F.Mask")
		(roundrect_rratio 0.25)
		(uuid "7ab2eecf-87dc-4dcf-9893-813816433199")
	)
	(pad "18" smd roundrect
		(at 1.875 0.8 180)
		(size 0.65 0.2)
		(layers "F.Cu" "F.Paste" "F.Mask")
		(roundrect_rratio 0.25)
		(uuid "3d035d06-e790-4f92-a4e5-4126c7429469")
	)
	(pad "19" smd roundrect
		(at 1.8625 0.4 180)
		(size 0.68 0.2)
		(layers "F.Cu" "F.Paste" "F.Mask")
		(roundrect_rratio 0.25)
		(uuid "f3fd78a8-1433-4223-995b-fcdd00704de2")
	)
	(pad "20" smd roundrect
		(at 1.9 0 180)
		(size 0.6 0.2)
		(layers "F.Cu" "F.Paste" "F.Mask")
		(roundrect_rratio 0.25)
		(uuid "7c04234f-584b-4a9e-876e-3a26ff30440c")
	)
	(pad "21" smd roundrect
		(at 1.9 -0.4 180)
		(size 0.6 0.2)
		(layers "F.Cu" "F.Paste" "F.Mask")
		(roundrect_rratio 0.25)
		(uuid "b0ed7b4b-8fae-4d18-a94c-05fd666ccd84")
	)
	(pad "22" smd roundrect
		(at 1.9 -0.8 180)
		(size 0.6 0.2)
		(layers "F.Cu" "F.Paste" "F.Mask")
		(roundrect_rratio 0.25)
		(uuid "baa823e5-f822-4f24-83cf-b3ba86a9dd31")
	)
	(pad "23" smd roundrect
		(at 1.9 -1.2 180)
		(size 0.6 0.2)
		(layers "F.Cu" "F.Paste" "F.Mask")
		(roundrect_rratio 0.25)
		(uuid "3bffc2c8-c213-430c-8ab4-98fb2c55135b")
	)
	(pad "24" smd custom
		(at 1.75 -1.6)
		(size 0.2 0.2)
		(layers "F.Cu" "F.Paste" "F.Mask")
		(thermal_bridge_angle 90)
		(options
			(clearance outline)
			(anchor circle)
		)
		(primitives
			(gr_poly
				(pts
					(xy 0.45 0.05) (xy 0.446194 0.069134) (xy 0.435355 0.085355) (xy 0.419134 0.096194) (xy 0.4 0.1)
					(xy -0.4 0.1) (xy -0.419134 0.096194) (xy -0.435355 0.085355) (xy -0.446194 0.069134) (xy -0.45 0.05)
					(xy -0.45 -0.05) (xy -0.446194 -0.069134) (xy -0.435355 -0.085355) (xy -0.419134 -0.096194) (xy -0.4 -0.1)
					(xy 0.4 -0.1) (xy 0.419134 -0.096194) (xy 0.435355 -0.085355) (xy 0.446194 -0.069134) (xy 0.45 -0.05)
				)
				(width 0)
				(fill yes)
			)
			(gr_poly
				(pts
					(xy -0.3 -0.6) (xy -0.280866 -0.596194) (xy -0.264645 -0.585355) (xy -0.253806 -0.569134) (xy -0.25 -0.55)
					(xy -0.25 -0.05) (xy -0.253806 -0.030866) (xy -0.264645 -0.014645) (xy -0.280866 -0.003806) (xy -0.3 0)
					(xy -0.4 0) (xy -0.419134 -0.003806) (xy -0.435355 -0.014645) (xy -0.446194 -0.030866) (xy -0.45 -0.05)
					(xy -0.45 -0.55) (xy -0.446194 -0.569134) (xy -0.435355 -0.585355) (xy -0.419134 -0.596194) (xy -0.4 -0.6)
				)
				(width 0)
				(fill yes)
			)
		)
		(uuid "f39ce752-4042-4191-b060-816bdd0c98fb")
	)
	(pad "25" smd roundrect
		(at 0.9 -1.7 270)
		(size 1 0.2)
		(layers "F.Cu" "F.Paste" "F.Mask")
		(roundrect_rratio 0.25)
		(uuid "54c08470-8003-468a-a02e-06116c61904e")
	)
	(pad "26" smd roundrect
		(at 0.45 -1.7 270)
		(size 1 0.2)
		(layers "F.Cu" "F.Paste" "F.Mask")
		(roundrect_rratio 0.25)
		(uuid "3a7c9cea-0465-48f9-971d-41be813a17b7")
	)
	(pad "27" smd roundrect
		(at 0 -1.7 270)
		(size 1 0.2)
		(layers "F.Cu" "F.Paste" "F.Mask")
		(roundrect_rratio 0.25)
		(uuid "38e5034a-335c-43b3-8e3f-d0006fcb3bdd")
	)
	(pad "28" smd roundrect
		(at -0.45 -1.7 270)
		(size 1 0.2)
		(layers "F.Cu" "F.Paste" "F.Mask")
		(roundrect_rratio 0.25)
		(uuid "7d879ded-7118-452d-a511-7eee1b5444ba")
	)
	(pad "29" smd roundrect
		(at -0.9 -1.725 270)
		(size 0.95 0.2)
		(layers "F.Cu" "F.Paste" "F.Mask")
		(roundrect_rratio 0.25)
		(uuid "fa7fb484-d563-4603-907e-74c40b54a7e4")
	)
)
