(footprint "RPH0016A"
	(version 20241229)
	(generator "pcbnew")
	(generator_version "9.0")
	(layer "F.Cu")
	(tags "LM61480QRPHRQ1 ")
	(property "Reference" "REF**"
		(at 0 -3.55 0)
		(unlocked yes)
		(layer "F.SilkS")
		(uuid "6d446840-6c1e-449c-a6be-40ed81ff80ac")
		(effects
			(font
				(size 0.75 0.75)
				(thickness 0.12)
			)
		)
	)
	(property "Value" "RPH0016A"
		(at 0 0 0)
		(unlocked yes)
		(layer "F.Fab")
		(hide yes)
		(uuid "466e8e88-9c86-4173-b288-a0c564c742d2")
		(effects
			(font
				(size 0.5 0.5)
				(thickness 0.05)
			)
		)
	)
	(property "Datasheet" ""
		(at 0 0 0)
		(layer "F.Fab")
		(hide yes)
		(uuid "053e5673-7ef9-441a-9b2b-348001b64bd7")
		(effects
			(font
				(size 1.27 1.27)
				(thickness 0.15)
			)
		)
	)
	(property "Description" ""
		(at 0 0 0)
		(layer "F.Fab")
		(hide yes)
		(uuid "eb2e227c-64e3-4d24-8aa1-02bada9321b4")
		(effects
			(font
				(size 1.27 1.27)
				(thickness 0.15)
			)
		)
	)
	(attr smd)
	(fp_line
		(start -2.075 -2.575)
		(end -2.075 -2.075)
		(stroke
			(width 0.1)
			(type default)
		)
		(layer "F.SilkS")
		(uuid "f2acee15-183e-4299-9439-999dc21f84c7")
	)
	(fp_line
		(start -2.075 2.075)
		(end -2.075 2.575)
		(stroke
			(width 0.1)
			(type default)
		)
		(layer "F.SilkS")
		(uuid "ace31607-1c1a-40c1-9125-ec8dc4edbdda")
	)
	(fp_line
		(start -2.075 2.575)
		(end -1.575 2.575)
		(stroke
			(width 0.1)
			(type default)
		)
		(layer "F.SilkS")
		(uuid "ef299a6d-9f38-4931-95f2-7f313901e375")
	)
	(fp_line
		(start -1.575 -2.575)
		(end -2.075 -2.575)
		(stroke
			(width 0.1)
			(type default)
		)
		(layer "F.SilkS")
		(uuid "184d087a-e508-4242-9426-a23972b57d9e")
	)
	(fp_line
		(start 1.575 2.575)
		(end 2.075 2.575)
		(stroke
			(width 0.1)
			(type default)
		)
		(layer "F.SilkS")
		(uuid "3fac81f2-2925-4c21-90a7-1550df87f5b2")
	)
	(fp_line
		(start 2.075 -2.575)
		(end 1.575 -2.575)
		(stroke
			(width 0.1)
			(type default)
		)
		(layer "F.SilkS")
		(uuid "9c1e1b6b-1f1e-4d02-94ec-d1b881e1de2e")
	)
	(fp_line
		(start 2.075 -2.075)
		(end 2.075 -2.575)
		(stroke
			(width 0.1)
			(type default)
		)
		(layer "F.SilkS")
		(uuid "a8e5a885-262b-46aa-a578-f490952ac5f9")
	)
	(fp_line
		(start 2.075 2.575)
		(end 2.075 2.075)
		(stroke
			(width 0.1)
			(type default)
		)
		(layer "F.SilkS")
		(uuid "c1a3224a-d083-4135-ae22-c537742ba31f")
	)
	(fp_rect
		(start -1.9 1.95)
		(end -0.9 2.05)
		(stroke
			(width 0.1)
			(type solid)
		)
		(fill yes)
		(layer "F.Paste")
		(uuid "777b1dfe-53f7-4332-9aab-64c5e089c901")
	)
	(fp_rect
		(start -1.79 -1.99)
		(end -0.85 -1.4)
		(stroke
			(width 0.1)
			(type solid)
		)
		(fill yes)
		(layer "F.Paste")
		(uuid "b31a6e09-1f24-42cb-8ef5-142967fa0780")
	)
	(fp_rect
		(start -1.52 1.95)
		(end -0.9 2.35)
		(stroke
			(width 0.1)
			(type solid)
		)
		(fill yes)
		(layer "F.Paste")
		(uuid "af6f298d-ce4e-4ce6-8ce6-3195185af39f")
	)
	(fp_rect
		(start -1.49 -2.34)
		(end -0.85 -1.4)
		(stroke
			(width 0.1)
			(type solid)
		)
		(fill yes)
		(layer "F.Paste")
		(uuid "b39b2572-2ddd-43f5-a759-ebecba1c4585")
	)
	(fp_rect
		(start 1.49 -2.34)
		(end 0.85 -1.4)
		(stroke
			(width 0.1)
			(type solid)
		)
		(fill yes)
		(layer "F.Paste")
		(uuid "2a79a850-8813-450b-be71-1ef41c1e899e")
	)
	(fp_rect
		(start 1.52 1.95)
		(end 0.9 2.35)
		(stroke
			(width 0.1)
			(type solid)
		)
		(fill yes)
		(layer "F.Paste")
		(uuid "b405791c-060b-49ba-b3f2-d77fc370468d")
	)
	(fp_rect
		(start 1.79 -1.99)
		(end 0.85 -1.4)
		(stroke
			(width 0.1)
			(type solid)
		)
		(fill yes)
		(layer "F.Paste")
		(uuid "6d23ac65-4bef-4ec0-a008-4fa5a43b2c6e")
	)
	(fp_rect
		(start 1.9 1.95)
		(end 0.9 2.05)
		(stroke
			(width 0.1)
			(type solid)
		)
		(fill yes)
		(layer "F.Paste")
		(uuid "af4baf94-14ce-4a2b-bdde-f8729fa80374")
	)
	(fp_line
		(start -1.799999 -2.3)
		(end 1.799999 -2.3)
		(stroke
			(width 0.1)
			(type solid)
		)
		(layer "F.Fab")
		(uuid "9c134aae-6a47-48ff-ba74-7aa26042fc5f")
	)
	(fp_line
		(start -1.799999 2.3)
		(end -1.799999 -2.3)
		(stroke
			(width 0.1)
			(type solid)
		)
		(layer "F.Fab")
		(uuid "ed2b7510-658c-4d5d-bf0e-fa136862b69b")
	)
	(fp_line
		(start -1.799999 2.3)
		(end 1.799999 2.3)
		(stroke
			(width 0.1)
			(type solid)
		)
		(layer "F.Fab")
		(uuid "7bdd0ee4-31b6-40c7-9bbd-4268c48b3b5d")
	)
	(fp_line
		(start 1.799999 2.3)
		(end 1.799999 -2.3)
		(stroke
			(width 0.1)
			(type solid)
		)
		(layer "F.Fab")
		(uuid "78d7b8a2-b8d5-44cb-a247-c64e7ea859f1")
	)
	(fp_circle
		(center -1.2 -1.699999)
		(end -0.900001 -1.699999)
		(stroke
			(width 0.1)
			(type solid)
		)
		(fill no)
		(layer "F.Fab")
		(uuid "3c18919f-0fc0-4377-9506-4129c24db224")
	)
	(pad "1" smd custom
		(at -1.375 -1.725)
		(size 0.75 0.75)
		(layers "F.Cu" "F.Mask")
		(thermal_bridge_angle 90)
		(options
			(clearance outline)
			(anchor circle)
		)
		(primitives
			(gr_poly
				(pts
					(xy -0.575 -0.325) (xy -0.571194 -0.344134) (xy -0.560355 -0.360355) (xy -0.544134 -0.371194) (xy -0.525 -0.375)
					(xy 0.525 -0.375) (xy 0.544134 -0.371194) (xy 0.560355 -0.360355) (xy 0.571194 -0.344134) (xy 0.575 -0.325)
					(xy 0.575 0.325) (xy 0.571194 0.344134) (xy 0.560355 0.360355) (xy 0.544134 0.371194) (xy 0.525 0.375)
					(xy -0.525 0.375) (xy -0.544134 0.371194) (xy -0.560355 0.360355) (xy -0.571194 0.344134) (xy -0.575 0.325)
				)
				(width 0)
				(fill yes)
			)
			(gr_rect
				(start -0.175 -0.675)
				(end 0.525 0.325)
				(width 0.1)
				(fill yes)
			)
			(gr_poly
				(pts
					(xy -0.175 -0.425) (xy -0.175 -0.325) (xy -0.275 -0.325)
					(arc
						(start -0.275 -0.375)
						(mid -0.239645 -0.389645)
						(end -0.225 -0.425)
					)
				)
				(width 0)
				(fill yes)
			)
		)
		(uuid "1378b79a-523c-48bd-b19e-b627a78c0907")
	)
	(pad "2" smd rect
		(at -1.412999 -0.549999)
		(size 1.074999 0.399999)
		(layers "F.Cu" "F.Mask" "F.Paste")
		(uuid "385c64a3-9f75-4b57-871f-4a050435b911")
	)
	(pad "3" smd rect
		(at -1.538 0.525)
		(size 0.825 0.249999)
		(layers "F.Cu" "F.Mask" "F.Paste")
		(uuid "489b5149-e11c-4c74-b654-87affd025d76")
	)
	(pad "4" smd rect
		(at -1.538 1.024999)
		(size 0.825 0.249999)
		(layers "F.Cu" "F.Mask" "F.Paste")
		(uuid "cdfeb86d-00f4-4f19-a8df-7fd7b3520fd9")
	)
	(pad "5" smd rect
		(at -1.538 1.525001)
		(size 0.825 0.249999)
		(layers "F.Cu" "F.Mask" "F.Paste")
		(uuid "a6c6d198-3b34-4c36-abe0-c695efa61c5f")
	)
	(pad "6" smd custom
		(at -1.4 2)
		(size 0.2 0.2)
		(layers "F.Cu" "F.Mask")
		(thermal_bridge_angle 90)
		(options
			(clearance outline)
			(anchor circle)
		)
		(primitives
			(gr_rect
				(start -0.15 -0.05)
				(end 0.5 0.4)
				(width 0.1)
				(fill yes)
			)
			(gr_poly
				(pts
					(xy -0.55 -0.05) (xy -0.546194 -0.069134) (xy -0.535355 -0.085355) (xy -0.519134 -0.096194) (xy -0.5 -0.1)
					(xy 0.5 -0.1) (xy 0.519134 -0.096194) (xy 0.535355 -0.085355) (xy 0.546194 -0.069134) (xy 0.55 -0.05)
					(xy 0.55 0.05) (xy 0.546194 0.069134) (xy 0.535355 0.085355) (xy 0.519134 0.096194) (xy 0.5 0.1)
					(xy -0.5 0.1) (xy -0.519134 0.096194) (xy -0.535355 0.085355) (xy -0.546194 0.069134) (xy -0.55 0.05)
				)
				(width 0)
				(fill yes)
			)
			(gr_poly
				(pts
					(xy -0.25 0.05) (xy -0.15 0.05) (xy -0.15 0.15)
					(arc
						(start -0.2 0.15)
						(mid -0.214645 0.114645)
						(end -0.25 0.1)
					)
				)
				(width 0)
				(fill yes)
			)
		)
		(uuid "4cbd02b2-54e9-4c5d-85a0-4362a91c5a5d")
	)
	(pad "7" smd rect
		(at -0.499999 2.113001 90)
		(size 0.675 0.249999)
		(layers "F.Cu" "F.Mask" "F.Paste")
		(uuid "f51edcf1-f9c0-4ce5-a43d-a85c425a26f9")
	)
	(pad "8" smd rect
		(at 0 2.037999 90)
		(size 0.825 0.249999)
		(layers "F.Cu" "F.Mask" "F.Paste")
		(uuid "105a4a0c-2d1a-4bb9-aec3-011679238bda")
	)
	(pad "9" smd rect
		(at 0.499999 2.113001 90)
		(size 0.675 0.249999)
		(layers "F.Cu" "F.Mask" "F.Paste")
		(uuid "e850b017-255f-4d15-bae8-1157b33f269c")
	)
	(pad "10" smd custom
		(at 1.4 2)
		(size 0.2 0.2)
		(layers "F.Cu" "F.Mask")
		(thermal_bridge_angle 90)
		(options
			(clearance outline)
			(anchor circle)
		)
		(primitives
			(gr_rect
				(start -0.5 -0.05)
				(end 0.15 0.4)
				(width 0.1)
				(fill yes)
			)
			(gr_poly
				(pts
					(xy 0.55 -0.05) (xy 0.546194 -0.069134) (xy 0.535355 -0.085355) (xy 0.519134 -0.096194) (xy 0.5 -0.1)
					(xy -0.5 -0.1) (xy -0.519134 -0.096194) (xy -0.535355 -0.085355) (xy -0.546194 -0.069134) (xy -0.55 -0.05)
					(xy -0.55 0.05) (xy -0.546194 0.069134) (xy -0.535355 0.085355) (xy -0.519134 0.096194) (xy -0.5 0.1)
					(xy 0.5 0.1) (xy 0.519134 0.096194) (xy 0.535355 0.085355) (xy 0.546194 0.069134) (xy 0.55 0.05)
				)
				(width 0)
				(fill yes)
			)
			(gr_poly
				(pts
					(xy 0.25 0.05) (xy 0.15 0.05) (xy 0.15 0.15)
					(arc
						(start 0.2 0.15)
						(mid 0.214645 0.114645)
						(end 0.25 0.1)
					)
				)
				(width 0)
				(fill yes)
			)
		)
		(uuid "c6caf993-86ed-4994-a449-81a02a3d1923")
	)
	(pad "11" smd rect
		(at 1.538 1.525001)
		(size 0.825 0.249999)
		(layers "F.Cu" "F.Mask" "F.Paste")
		(uuid "a8b58fa8-d4fa-4b28-9285-c31af8cf99c9")
	)
	(pad "12" smd rect
		(at 1.538 1.024999)
		(size 0.825 0.249999)
		(layers "F.Cu" "F.Mask" "F.Paste")
		(uuid "6ae877b1-b696-4ee5-a14d-3d20a41f527b")
	)
	(pad "13" smd rect
		(at 1.538 0.525)
		(size 0.825 0.249999)
		(layers "F.Cu" "F.Mask" "F.Paste")
		(uuid "bcd87a7d-8192-4e57-b690-8151d80354b8")
	)
	(pad "14" smd rect
		(at 1.412999 -0.549999)
		(size 1.074999 0.399999)
		(layers "F.Cu" "F.Mask" "F.Paste")
		(uuid "75e70d4e-7c38-48ea-847d-431ea3ec4538")
	)
	(pad "15" smd custom
		(at 1.375001 -1.725)
		(size 0.75 0.75)
		(layers "F.Cu" "F.Mask")
		(thermal_bridge_angle 90)
		(options
			(clearance outline)
			(anchor circle)
		)
		(primitives
			(gr_poly
				(pts
					(xy 0.575 -0.325) (xy 0.571194 -0.344134) (xy 0.560355 -0.360355) (xy 0.544134 -0.371194) (xy 0.525 -0.375)
					(xy -0.525 -0.375) (xy -0.544134 -0.371194) (xy -0.560355 -0.360355) (xy -0.571194 -0.344134) (xy -0.575 -0.325)
					(xy -0.575 0.325) (xy -0.571194 0.344134) (xy -0.560355 0.360355) (xy -0.544134 0.371194) (xy -0.525 0.375)
					(xy 0.525 0.375) (xy 0.544134 0.371194) (xy 0.560355 0.360355) (xy 0.571194 0.344134) (xy 0.575 0.325)
				)
				(width 0)
				(fill yes)
			)
			(gr_rect
				(start -0.525 -0.675)
				(end 0.175 0.325)
				(width 0.1)
				(fill yes)
			)
			(gr_poly
				(pts
					(xy 0.175 -0.425) (xy 0.175 -0.325) (xy 0.275 -0.325)
					(arc
						(start 0.275 -0.375)
						(mid 0.239645 -0.389645)
						(end 0.225 -0.425)
					)
				)
				(width 0)
				(fill yes)
			)
		)
		(uuid "e50f6b6f-ac5f-4bf7-a4dd-cff2559cbce7")
	)
	(pad "16" smd rect
		(at 0 -0.963 90)
		(size 2.975 0.349999)
		(layers "F.Cu" "F.Mask" "F.Paste")
		(uuid "ad9f2042-3f27-4b6b-9442-e44e9d2b198b")
	)
	(embedded_fonts no)
)
